   -0.01745385
   -0.08854752
    0.02560269
   -0.04095536
   -0.03609986
    0.10046658
   -0.21685228
   -0.03170511
   -0.01599022
    0.23163099
   -0.47326759
   -0.02192949
    0.02117210
   -0.02576954
    0.06049370
    0.01468999
   -0.05190123
   -0.14609400
    0.07255377
   -0.04900754
    0.03462156
   -0.13755856
    0.09643602
   -0.17261683
   -0.03609149
   -0.03060615
    0.26755011
   -0.49481691
   -0.04089910
   -0.03080500
   -0.03936261
    0.08322957
    0.12907307
    0.13259840
    0.08915159
    0.08531223
    0.06614749
    0.04470793
    0.10197236
    0.08590683
    0.08838147
    0.08122242
    0.07457810
    0.07103418
    0.07194870
    0.06784837
