           1           2   1.06621802171863     
           2           3   1.03236431034481     
           3           4   1.38713332308255     
           4           5   1.46809800650306     
           5           6   1.36900656313113     
           6           7  0.946462593223968     
           4           8  0.108779214338444     
           6           8   1.45229931548019     
           3           9   1.35639488461827     
           8           9   1.35304627555905     
           9          10   1.04786357486238     
          10          11   1.68722032524541     
           1          12   1.72043679705725     
          10          12   1.06149014164986     
          12          13   1.03684420202155     
          13          14   1.39475945718622     
          14          15   1.39871613017278     
          15          16  0.993730855230081     
          16          17   1.18292112867635     
          16          18  0.129777869406677     
          17          18   1.63246819851080     
          18          19   1.18058221606508     
          19          20   1.31791614007541     
          20          21   1.46599527764252     
          21          22   1.04080301005450     
          21          23   1.29628187549630     
          23          24  0.976963394973532     
          23          25   1.46657367304490     
          19          26   1.27916474354130     
          25          26   1.34389311294635     
          16          27   1.10338280594567     
          26          27   1.08285268814559     
          16          28  0.132054341321704     
          27          28   1.62658728720477     
          13          29  0.102646511683875     
          15          29   1.38232081255215     
          14          30  0.104739717733302     
          29          30   1.44164374288201     
          13          31   1.38732447336556     
          30          31   1.44469215328791     
           1          32  0.959618190025134     
           2          33  0.906324637998829     
           2          34  0.905457436539435     
           4          35  0.961644633099619     
           5          36  0.963211909800175     
           8          37  0.962509084703288     
          14          38  0.966140923863072     
          20          39  0.957038511557021     
          22          40  0.958148609336893     
          22          41  0.955828366356595     
          22          42  0.980406354221847     
          25          43  0.961884055850718     
          29          44  0.963606849664812     
          30          45  0.965831529907959     
          31          46  0.965204620564444     
